1
3
6
7
8
10
11
12
14
15
17
19
20
24
27
28
30
31
32
34
35
38
39
41
43
46
48
51
52
54
60
62
65
66
69
70
71
73
74
75
77
79
82
85
86
91
98
102
103
105
106
108
111
117
119
125
127
139
142
147
149
151
153
155
156
157
160
161
165
168
169
177
178
181
183
190
194
199
201
203
208
211
214
216
219
223
224
227
229
235
236
239
241
242
243
248
249
251
253
254
258
260
263
266
267
276
277
281
282
284
287
288
291
292
293
295
296
299
300
302
304
307
310
311
312
313
314
317
318
320
322
323
324
326
327
329
330
331
332
334
357
359
360
367
369
370
371
373
375
377
379
380
381
382
384
385
386
387
388
390
392
393
394
395
396
397
